0.760844   0.273706   0.157739   0.809049
0.915831   0.487097   0.365889   0.176289
0.401205   0.138486   0.289120   0.918846
0.211029   0.909658   0.160118   0.909565
0.553173   0.924960   0.519256   0.285461
0.984839   0.883503   0.482888   0.816967
0.840351   0.703989   0.413409   0.527348
0.055535   0.929440   0.653834   0.035024
0.382432   0.979011   0.085154   0.439557
0.182314   0.727907   0.855697   0.239187
0.993527   0.588726   0.895604   0.355454
0.732171   0.359289   0.465856   0.817175
0.672472   0.680054   0.550850   0.848831
0.651202   0.527717   0.848921   0.222545
0.897369   0.272892   0.658829   0.536537
0.969685   0.265145   0.057669   0.488044
0.313914   0.592664   0.918872   0.169940
0.799573   0.831691   0.803988   0.252771
0.737857   0.488715   0.705890   0.989727
0.024887   0.213480   0.840807   0.443441
0.077689   0.210413   0.102195   0.444779
0.024428   0.130695   0.699947   0.816933
0.878787   0.527248   0.402423   0.398175
0.920396   0.413155   0.034655   0.169352
0.324188   0.494454   0.648644   0.249546
0.5334195   0.6233759   0.0255938   0.2116643
0.2591138   0.7167696   0.1654738   0.8463035
0.2123532   0.4865028   0.4526128   0.5058983
0.2316202   0.9963396   0.5924220   0.1161350
0.7092012   0.7551265   0.5610244   0.6864607
0.1462460   0.7667434   0.6590685   0.9423109
0.2129602   0.6632336   0.9778883   0.4170073
0.0347650   0.1145276   0.3654219   0.9049398
0.8187650   0.5037326   0.8864857   0.5558435
0.8515580   0.0234221   0.2781785   0.5904741
0.5926710   0.0050078   0.5791150   0.7995874
0.4278079   0.9087425   0.6276221   0.7505984
0.3621019   0.0839072   0.6285727   0.8999107
0.7156676   0.1152966   0.1312362   0.8094465
0.3837764   0.8834468   0.7863157   0.0287871
0.1945284   0.3239475   0.6753039   0.2465447
0.0743191   0.0738855   0.9472074   0.5865409
0.5131708   0.1640261   0.2548344   0.4029572
0.6201640   0.9229616   0.2600977   0.7854747
0.3723628   0.7332007   0.5783048   0.6602328
0.8235896   0.5450399   0.3198553   0.0378799
0.2893295   0.8991023   0.7440519   0.3525584
0.2222017   0.0446131   0.4958481   0.4726389
0.7149410   0.7501518   0.8206376   0.9768027
0.6496621   0.3791341   0.1862939   0.2262527
0.741893   0.140643   0.628612   0.655949
0.711060   0.942912   0.861006   0.707637
0.055098   0.883542   0.074593   0.514581
0.931849   0.270231   0.816734   0.093509
0.076298   0.908606   0.442362   0.269967
0.743641   0.343109   0.611180   0.808377
0.722585   0.564963   0.712405   0.429014
0.020518   0.770873   0.077840   0.522226
0.887185   0.363193   0.479073   0.636992
0.492494   0.829348   0.159020   0.816185
0.634090   0.454223   0.192321   0.045702
0.085808   0.484789   0.041073   0.905699
0.318169   0.181391   0.109505   0.312969
0.612135   0.869178   0.030713   0.894404
0.970916   0.208377   0.266863   0.628416
0.052245   0.375557   0.942573   0.125739
0.422784   0.621736   0.888529   0.386011
0.716430   0.323776   0.769696   0.477819
0.630869   0.707145   0.200182   0.012480
0.817079   0.746191   0.862322   0.877490
0.965742   0.232146   0.908490   0.869058
0.144373   0.351497   0.325692   0.899364
0.383725   0.577345   0.769371   0.726408
0.458005   0.771709   0.228980   0.915283
0.688885   0.824086   0.081418   0.602046
0.7898181   0.1426765   0.5131455   0.0156926
0.4394683   0.3448802   0.4536294   0.7503216
0.6798303   0.0368374   0.4818224   0.1319793
0.3476836   0.1369495   0.4813986   0.5447595
0.8046938   0.3317669   0.5054950   0.0227020
0.6749126   0.1061765   0.3748762   0.0156438
0.1572979   0.9939909   0.0979390   0.1646186
0.3274874   0.1716288   0.3488992   0.4239970
0.5597042   0.7917563   0.0823737   0.3437096
0.8564185   0.9928507   0.2361750   0.8215881
0.4862436   0.0871532   0.9132025   0.6612661
0.8011979   0.1880031   0.9341868   0.0022792
0.9934563   0.2246174   0.9374000   0.0165752
0.9320841   0.5432593   0.1573993   0.7224065
0.8862547   0.7360530   0.5032917   0.8232529
0.3090842   0.7988252   0.4842202   0.6111049
0.4971333   0.8436698   0.7824253   0.1206231
0.0021899   0.9906843   0.3536924   0.3018026
0.0075669   0.0855635   0.0591313   0.6229299
0.1178730   0.2643194   0.9403788   0.1162953
0.8901217   0.8992752   0.1830591   0.2536555
0.7462591   0.9429398   0.0470662   0.3959672
0.4468954   0.3563634   0.2366624   0.3787151
0.0297190   0.0726161   0.5487621   0.4496709
0.7878950   0.3851741   0.0206348   0.7322730