2.5000e+002  7.5246e-001  5.4247e-001
2.5000e+002  6.7777e-002  9.4383e-001
2.5000e+002  2.5905e-001  5.8277e-001
2.5000e+002  5.6267e-001  4.2671e-001
2.5000e+002  9.3662e-001  9.3653e-002
2.5000e+002  8.2312e-001  8.7345e-001
2.5000e+002  9.5778e-002  4.9548e-001
2.5000e+002  4.8209e-003  4.1797e-001
2.5000e+002  2.2358e-001  7.4573e-001
2.5000e+002  3.4187e-002  3.8291e-001
2.5000e+002  3.7891e-001  1.5568e-001
2.5000e+002  6.8301e-001  2.4379e-001
2.5000e+002  2.0728e-001  3.2848e-001
2.5000e+002  9.9695e-001  8.4061e-001
2.5000e+002  6.7586e-001  6.1624e-001
2.5000e+002  7.1246e-001  9.7963e-001
2.5000e+002  9.1907e-001  3.3536e-001
2.5000e+002  9.8890e-001  5.0677e-002
2.5000e+002  7.3671e-001  3.1490e-002
2.5000e+002  2.4023e-001  2.5763e-001
5.0000e+002  7.5246e-001  5.4247e-001
5.0000e+002  6.7777e-002  9.4383e-001
5.0000e+002  2.5905e-001  5.8277e-001
5.0000e+002  5.6267e-001  4.2671e-001
5.0000e+002  9.3662e-001  9.3653e-002
5.0000e+002  8.2312e-001  8.7345e-001
5.0000e+002  9.5778e-002  4.9548e-001
5.0000e+002  4.8209e-003  4.1797e-001
5.0000e+002  2.2358e-001  7.4573e-001
5.0000e+002  3.4187e-002  3.8291e-001
5.0000e+002  3.7891e-001  1.5568e-001
5.0000e+002  6.8301e-001  2.4379e-001
5.0000e+002  2.0728e-001  3.2848e-001
5.0000e+002  9.9695e-001  8.4061e-001
5.0000e+002  6.7586e-001  6.1624e-001
5.0000e+002  7.1246e-001  9.7963e-001
5.0000e+002  9.1907e-001  3.3536e-001
5.0000e+002  9.8890e-001  5.0677e-002
5.0000e+002  7.3671e-001  3.1490e-002
5.0000e+002  2.4023e-001  2.5763e-001
1.0000e+003  7.5246e-001  5.4247e-001
1.0000e+003  6.7777e-002  9.4383e-001
1.0000e+003  2.5905e-001  5.8277e-001
1.0000e+003  5.6267e-001  4.2671e-001
1.0000e+003  9.3662e-001  9.3653e-002
1.0000e+003  8.2312e-001  8.7345e-001
1.0000e+003  9.5778e-002  4.9548e-001
1.0000e+003  4.8209e-003  4.1797e-001
1.0000e+003  2.2358e-001  7.4573e-001
1.0000e+003  3.4187e-002  3.8291e-001
1.0000e+003  3.7891e-001  1.5568e-001
1.0000e+003  6.8301e-001  2.4379e-001
1.0000e+003  2.0728e-001  3.2848e-001
1.0000e+003  9.9695e-001  8.4061e-001
1.0000e+003  6.7586e-001  6.1624e-001
1.0000e+003  7.1246e-001  9.7963e-001
1.0000e+003  9.1907e-001  3.3536e-001
1.0000e+003  9.8890e-001  5.0677e-002
1.0000e+003  7.3671e-001  3.1490e-002
1.0000e+003  2.4023e-001  2.5763e-001
2.5000e+003  7.5246e-001  5.4247e-001
2.5000e+003  6.7777e-002  9.4383e-001
2.5000e+003  2.5905e-001  5.8277e-001
2.5000e+003  5.6267e-001  4.2671e-001
2.5000e+003  9.3662e-001  9.3653e-002
2.5000e+003  8.2312e-001  8.7345e-001
2.5000e+003  9.5778e-002  4.9548e-001
2.5000e+003  4.8209e-003  4.1797e-001
2.5000e+003  2.2358e-001  7.4573e-001
2.5000e+003  3.4187e-002  3.8291e-001
2.5000e+003  3.7891e-001  1.5568e-001
2.5000e+003  6.8301e-001  2.4379e-001
2.5000e+003  2.0728e-001  3.2848e-001
2.5000e+003  9.9695e-001  8.4061e-001
2.5000e+003  6.7586e-001  6.1624e-001
2.5000e+003  7.1246e-001  9.7963e-001
2.5000e+003  9.1907e-001  3.3536e-001
2.5000e+003  9.8890e-001  5.0677e-002
2.5000e+003  7.3671e-001  3.1490e-002
2.5000e+003  2.4023e-001  2.5763e-001
5.0000e+003  7.5246e-001  5.4247e-001
5.0000e+003  6.7777e-002  9.4383e-001
5.0000e+003  2.5905e-001  5.8277e-001
5.0000e+003  5.6267e-001  4.2671e-001
5.0000e+003  9.3662e-001  9.3653e-002
5.0000e+003  8.2312e-001  8.7345e-001
5.0000e+003  9.5778e-002  4.9548e-001
5.0000e+003  4.8209e-003  4.1797e-001
5.0000e+003  2.2358e-001  7.4573e-001
5.0000e+003  3.4187e-002  3.8291e-001
5.0000e+003  3.7891e-001  1.5568e-001
5.0000e+003  6.8301e-001  2.4379e-001
5.0000e+003  2.0728e-001  3.2848e-001
5.0000e+003  9.9695e-001  8.4061e-001
5.0000e+003  6.7586e-001  6.1624e-001
5.0000e+003  7.1246e-001  9.7963e-001
5.0000e+003  9.1907e-001  3.3536e-001
5.0000e+003  9.8890e-001  5.0677e-002
5.0000e+003  7.3671e-001  3.1490e-002
5.0000e+003  2.4023e-001  2.5763e-001